#
# Sprite sheet data for MonoGame.
#
# To learn how to import these sprites into your MonoGame project visit:
# https://www.codeandweb.com/texturepacker/monogame
#
# Sprite sheet: SpritesPNG-1.png (968 x 1528)
# $TexturePacker:SmartUpdate:033792d307ad2716c6dd4c484b48bdd8:14d9878f1049f243e176bc72993acc97:7160f28bb0548a348c1851e68e3b7ab7$
#

organizem_0000s_0000_spike_backone;0;0;0;49;149;49;149;0.5102040816326531;0.08053691275167785
organizem_0002s_0002_food;0;49;0;102;98;102;98;0.5;0.5
organizem_0002s_0001_speed;0;151;0;99;105;99;105;0.5;0.5
organizem_0002s_0000_size;0;250;0;105;111;105;111;0.5;0.5
organizem_0004s_0003_ustaL;0;355;0;104;141;104;141;0.7884615384615384;0.7801418439716312
organizem_0004s_0004_ustaD;0;459;0;104;141;104;141;0.15384615384615385;0.75177304964539
organizem_0004s_0000_usta3;0;563;0;154;112;154;112;0.4935064935064935;0.75
organizem_0004s_0001_ustaL2;0;717;0;117;170;117;170;0.8717948717948718;0.8
organizem_0004s_0002_ustaD2;0;834;0;117;170;117;170;0.11965811965811966;0.8058823529411765
organizem_0003s_0000_ucki_not3;0;0;170;272;74;272;74;0.5;0.5
organizem_0003s_0002_ucki_not1;0;272;170;274;78;274;78;0.5;0.5
organizem_0003s_0001_ucki_not2;0;546;170;271;79;271;79;0.5;0.5
organizem_0003s_0003_ucki_zun;0;0;249;290;99;290;99;0.5;0.5
organizem_0001s_0000_e9;0;290;249;294;101;294;101;0.5;0.5
organizem_0001s_0001_e8;0;584;249;294;101;294;101;0.5;0.5
organizem_0001s_0002_e7;0;0;350;294;101;294;101;0.5;0.5
organizem_0001s_0003_e6;0;294;350;294;101;294;101;0.5;0.5
organizem_0001s_0004_e5;0;588;350;294;101;294;101;0.5;0.5
organizem_0001s_0005_e4;0;0;451;294;101;294;101;0.5;0.5
organizem_0001s_0006_e3;0;294;451;294;101;294;101;0.5;0.5
organizem_0001s_0007_e2;0;588;451;294;101;294;101;0.5;0.5
organizem_0001s_0008_e1;0;0;552;294;101;294;101;0.5;0.5
organizem_0000s_0001_spike_sides;0;294;552;542;60;542;60;0.5;0.5
organizem_0000s_0002_spike_back;0;0;653;354;108;354;108;0.4915254237288136;-0.009259259259259259
organizem_0000s_0003_spike_front;0;354;653;354;108;354;108;0.4971751412429379;0.9814814814814815
organizem_0000_base4;0;708;653;258;435;258;435;0.5;0.5
organizem_0003_base1;0;0;1088;269;435;269;435;0.5;0.5
organizem_0001_base3;0;269;1088;288;437;288;437;0.5;0.5
organizem_0002_base2;0;557;1088;340;435;340;435;0.5;0.5